6.472012996673583984e-01
6.222613453865051270e-01
5.733960866928100586e-01
5.837590098381042480e-01
6.247153282165527344e-01
5.889765024185180664e-01
6.409766674041748047e-01
5.774574875831604004e-01
6.452954411506652832e-01
6.009200811386108398e-01
5.525622367858886719e-01
5.611417293548583984e-01
5.774903893470764160e-01
5.576964616775512695e-01
5.696447491645812988e-01
6.164902448654174805e-01
6.017237901687622070e-01
6.478449106216430664e-01
6.465729475021362305e-01
6.124439239501953125e-01
6.174283623695373535e-01
6.179496645927429199e-01
5.966178178787231445e-01
5.681005716323852539e-01
5.563479661941528320e-01
6.426010727882385254e-01
5.664359331130981445e-01
6.389132142066955566e-01
6.079403758049011230e-01
5.927160382270812988e-01
6.476442217826843262e-01
6.239474415779113770e-01
5.964275002479553223e-01
6.057711243629455566e-01
6.294113993644714355e-01
5.645707249641418457e-01
5.628000497817993164e-01
5.834196209907531738e-01
5.791439414024353027e-01
5.671033859252929688e-01
6.198610067367553711e-01
5.594772100448608398e-01
6.035903096199035645e-01
5.885674357414245605e-01
5.659748315811157227e-01
6.376086473464965820e-01
6.385734081268310547e-01
6.313428878784179688e-01
6.265522241592407227e-01
5.847552418708801270e-01
5.777392983436584473e-01
5.562490224838256836e-01
5.769992470741271973e-01
6.371186971664428711e-01
6.340204477310180664e-01
5.974462628364562988e-01
6.302494406700134277e-01
6.311869621276855469e-01
6.418372392654418945e-01
6.133046150207519531e-01
5.700984001159667969e-01
5.639007091522216797e-01
5.820787549018859863e-01
6.266719102859497070e-01
6.203140020370483398e-01
5.523903965950012207e-01
5.741546750068664551e-01
6.297872066497802734e-01
6.136133670806884766e-01
6.342917680740356445e-01
5.789113640785217285e-01
5.977090001106262207e-01
5.701758861541748047e-01
5.811423063278198242e-01
5.946468114852905273e-01
5.772241950035095215e-01
6.082426309585571289e-01
5.807436704635620117e-01
6.231634020805358887e-01
5.581177473068237305e-01
5.670019388198852539e-01
6.385654211044311523e-01
6.129252910614013672e-01
5.890796780586242676e-01
5.712924003601074219e-01
6.121298670768737793e-01
6.036464571952819824e-01
6.050719022750854492e-01
5.688833594322204590e-01
5.902131795883178711e-01
6.193312406539916992e-01
6.353405714035034180e-01
5.999423861503601074e-01
6.485846042633056641e-01
5.900365114212036133e-01
6.145456433296203613e-01
6.298062801361083984e-01
5.906221270561218262e-01
5.649089217185974121e-01
6.061270236968994141e-01
5.841048955917358398e-01
6.231777667999267578e-01
5.844562053680419922e-01
5.758867859840393066e-01
5.910707116127014160e-01
6.334379315376281738e-01
6.166654825210571289e-01
5.758777260780334473e-01
5.527536273002624512e-01
6.088895797729492188e-01
6.164093613624572754e-01
5.854950547218322754e-01
6.102972030639648438e-01
6.082857847213745117e-01
5.732032656669616699e-01
6.204925775527954102e-01
5.980055928230285645e-01
5.766800045967102051e-01
5.556030869483947754e-01
6.186537742614746094e-01
5.954071879386901855e-01
5.838754177093505859e-01
5.872775316238403320e-01
6.042325496673583984e-01
6.275506019592285156e-01
5.735463500022888184e-01
6.179024577140808105e-01
5.591238141059875488e-01
6.459036469459533691e-01
5.944404006004333496e-01
5.867425203323364258e-01
6.377092599868774414e-01
6.094465255737304688e-01
6.313137412071228027e-01
6.067723035812377930e-01
5.776876807212829590e-01
5.938434600830078125e-01
5.558825731277465820e-01
5.712568759918212891e-01
6.316174864768981934e-01
6.260976791381835938e-01
6.340144872665405273e-01
5.676056742668151855e-01
6.340582966804504395e-01
6.140642166137695312e-01
6.137373447418212891e-01
5.740526914596557617e-01
5.853008627891540527e-01
5.726220011711120605e-01
6.002687215805053711e-01
6.154074668884277344e-01
5.502734184265136719e-01
6.338253021240234375e-01
5.915845632553100586e-01
6.222308874130249023e-01
6.100641489028930664e-01
6.335211396217346191e-01
5.577350854873657227e-01
5.552569031715393066e-01
5.914236307144165039e-01
6.142233610153198242e-01
6.219167709350585938e-01
6.078255772590637207e-01
6.174048185348510742e-01
6.121658682823181152e-01
6.331131458282470703e-01
5.902617573738098145e-01
6.153455972671508789e-01
5.912831425666809082e-01
5.652851462364196777e-01
5.627775788307189941e-01
6.418581604957580566e-01
6.426126956939697266e-01
5.736971497535705566e-01
6.356308460235595703e-01
5.903594493865966797e-01
6.472806930541992188e-01
6.154409646987915039e-01
6.070164442062377930e-01
6.428804993629455566e-01
5.818090438842773438e-01
6.431900262832641602e-01
5.934021472930908203e-01
6.290304660797119141e-01
5.514975190162658691e-01
6.096809506416320801e-01
5.698128938674926758e-01
6.341744065284729004e-01
6.456770896911621094e-01
6.210938692092895508e-01
5.785990357398986816e-01
5.844601988792419434e-01
5.898314714431762695e-01
5.870108604431152344e-01
6.159085631370544434e-01
5.971215367317199707e-01
6.233627796173095703e-01
6.309539675712585449e-01
5.616092085838317871e-01
6.279296875000000000e-01
6.481847763061523438e-01
5.831876397132873535e-01
5.852349400520324707e-01
5.693516731262207031e-01
5.765354633331298828e-01
6.073750853538513184e-01
6.035568118095397949e-01
6.157311797142028809e-01
5.778930187225341797e-01
5.700927972793579102e-01
6.080033183097839355e-01
6.391099691390991211e-01
5.614292025566101074e-01
5.837140083312988281e-01
5.553529262542724609e-01
6.439688801765441895e-01
6.482073664665222168e-01
6.192541122436523438e-01
5.661567449569702148e-01
5.846153497695922852e-01
5.618790984153747559e-01
6.460315585136413574e-01
5.685857534408569336e-01
6.203729510307312012e-01
5.529208183288574219e-01
6.365948915481567383e-01
6.228114366531372070e-01
5.664576292037963867e-01
6.298640370368957520e-01
6.350768804550170898e-01
6.222630143165588379e-01
6.351037025451660156e-01
6.398949623107910156e-01
6.407439708709716797e-01
6.320126056671142578e-01
5.636118054389953613e-01
5.708144903182983398e-01
5.958012938499450684e-01
5.786049365997314453e-01
5.874051451683044434e-01
6.299291849136352539e-01
6.091517806053161621e-01
6.018934249877929688e-01
6.056691408157348633e-01
5.519862771034240723e-01
6.474872827529907227e-01
5.685416460037231445e-01
5.913424491882324219e-01
6.210471391677856445e-01
6.298327445983886719e-01
5.536655187606811523e-01
5.655795931816101074e-01
6.250033378601074219e-01
5.976321697235107422e-01
5.956013202667236328e-01
5.965909361839294434e-01
5.860232114791870117e-01
6.285172700881958008e-01
5.997796058654785156e-01
6.031379699707031250e-01
6.063271760940551758e-01
6.199943423271179199e-01
5.986038446426391602e-01
6.283190846443176270e-01
5.656815767288208008e-01
5.820360779762268066e-01
6.316174864768981934e-01
6.318406462669372559e-01
6.089619994163513184e-01
6.319695711135864258e-01
6.255399584770202637e-01
5.609661936759948730e-01
5.520793795585632324e-01
5.969023108482360840e-01
6.322307586669921875e-01
5.611106157302856445e-01
6.381519436836242676e-01
5.547398328781127930e-01
5.902544856071472168e-01
5.502756237983703613e-01
5.601124763488769531e-01
5.759038925170898438e-01
5.667248964309692383e-01
6.441956162452697754e-01
5.850777029991149902e-01
5.943190455436706543e-01
6.154342889785766602e-01
5.784231424331665039e-01
5.797911286354064941e-01
5.827486515045166016e-01
5.805643200874328613e-01
6.438137292861938477e-01
5.826755762100219727e-01
5.988082885742187500e-01
6.479621529579162598e-01
6.261475682258605957e-01
5.619056224822998047e-01
5.522478222846984863e-01
6.446336507797241211e-01
6.221024990081787109e-01
6.390284299850463867e-01
5.712424516677856445e-01
5.855758190155029297e-01
6.334118247032165527e-01
6.303214430809020996e-01
6.054744124412536621e-01
6.317813396453857422e-01
6.107921004295349121e-01
6.474408507347106934e-01
5.886808037757873535e-01
5.689450502395629883e-01
5.596544146537780762e-01
5.621817708015441895e-01
6.103346347808837891e-01
5.811873674392700195e-01
6.465718746185302734e-01
6.388385295867919922e-01
5.523054003715515137e-01
5.929780006408691406e-01
5.813466310501098633e-01
5.871539711952209473e-01
5.526618957519531250e-01
5.841599702835083008e-01
6.489387154579162598e-01
5.550512671470642090e-01
5.763332247734069824e-01
5.756747722625732422e-01
6.012002229690551758e-01
5.726583600044250488e-01
5.699005126953125000e-01
5.616469383239746094e-01
5.826711058616638184e-01
6.132157444953918457e-01
6.132940649986267090e-01
6.163923144340515137e-01
6.242629289627075195e-01
5.572218894958496094e-01
5.599235296249389648e-01
5.970013141632080078e-01
5.629774928092956543e-01
5.902529954910278320e-01
5.630705356597900391e-01
5.613569617271423340e-01
5.834801197052001953e-01
6.081216931343078613e-01
5.778203010559082031e-01
5.990331768989562988e-01
6.351180672645568848e-01
6.296752691268920898e-01
6.372146606445312500e-01
5.547535419464111328e-01
5.796434879302978516e-01
5.929498076438903809e-01
5.528517961502075195e-01
6.185705065727233887e-01
6.056655645370483398e-01
5.969341993331909180e-01
6.153083443641662598e-01
6.032800078392028809e-01
5.666685104370117188e-01
6.251965761184692383e-01
6.230916976928710938e-01
6.268238425254821777e-01
5.682934522628784180e-01
5.750607848167419434e-01
5.716039538383483887e-01
6.442933082580566406e-01
5.630577206611633301e-01
6.408494114875793457e-01
5.806183218955993652e-01
5.591377615928649902e-01
5.848554372787475586e-01
5.919409394264221191e-01
6.306956410408020020e-01
5.543070435523986816e-01
5.596330165863037109e-01
6.182975172996520996e-01
6.001274585723876953e-01
5.549575090408325195e-01
5.680603384971618652e-01
6.463732123374938965e-01
6.047075390815734863e-01
6.427605748176574707e-01
5.937126874923706055e-01
5.615150332450866699e-01
6.158996820449829102e-01
5.688506960868835449e-01
5.598556995391845703e-01
6.041732430458068848e-01
5.530468821525573730e-01
6.225823163986206055e-01
5.983245372772216797e-01
6.203455924987792969e-01
5.549510121345520020e-01
6.277267336845397949e-01
5.719836950302124023e-01
6.469520330429077148e-01
5.993515849113464355e-01
6.461530327796936035e-01
5.610522031784057617e-01
6.412655115127563477e-01
5.751698017120361328e-01
5.532563924789428711e-01
6.089137792587280273e-01
5.876919031143188477e-01
5.661711692810058594e-01
5.988330841064453125e-01
6.302955150604248047e-01
6.499943137168884277e-01
6.058766245841979980e-01
5.689497590065002441e-01
5.608757138252258301e-01
5.674223303794860840e-01
6.269179582595825195e-01
5.856493711471557617e-01
6.266337037086486816e-01
6.157824993133544922e-01
6.179994344711303711e-01
6.302928924560546875e-01
5.921247601509094238e-01
5.746468305587768555e-01
6.086283922195434570e-01
6.406812667846679688e-01
6.442245841026306152e-01
5.778380632400512695e-01
5.746278762817382812e-01
5.545279979705810547e-01
5.918083190917968750e-01
5.946575403213500977e-01
5.704547166824340820e-01
6.127374768257141113e-01
6.391757726669311523e-01
5.571912527084350586e-01
6.366190910339355469e-01
5.588858127593994141e-01
5.634702444076538086e-01
5.566313266754150391e-01
5.932520627975463867e-01
5.575550198554992676e-01
5.969774723052978516e-01
5.968853235244750977e-01
6.413152813911437988e-01
6.285232901573181152e-01
6.277288198471069336e-01
6.340255141258239746e-01
6.078691482543945312e-01
5.925490856170654297e-01
5.979123115539550781e-01
5.573396086692810059e-01
5.870005488395690918e-01
6.250885725021362305e-01
6.099081635475158691e-01
5.941280126571655273e-01
5.503631830215454102e-01
5.903916358947753906e-01
5.780646204948425293e-01
5.922312736511230469e-01
5.752868056297302246e-01
5.752370357513427734e-01
6.125719547271728516e-01
6.404092311859130859e-01
6.249188780784606934e-01
6.064529418945312500e-01
5.686858892440795898e-01
6.121265888214111328e-01
5.609275102615356445e-01
5.515295863151550293e-01
5.894452929496765137e-01
5.578123331069946289e-01
5.930280685424804688e-01
6.294661760330200195e-01
5.683271288871765137e-01
6.465234160423278809e-01
6.095274686813354492e-01
6.219321489334106445e-01
6.173980832099914551e-01
5.767385363578796387e-01
6.312386393547058105e-01
6.130039095878601074e-01
5.895193219184875488e-01
6.166257262229919434e-01
6.325216293334960938e-01
6.337395310401916504e-01
6.062274575233459473e-01
6.194725036621093750e-01
6.204937696456909180e-01
6.016097664833068848e-01
6.347469091415405273e-01
5.607414841651916504e-01
5.901670455932617188e-01
6.219742298126220703e-01
5.615952014923095703e-01
5.983603000640869141e-01
6.188135743141174316e-01
5.566067099571228027e-01
6.153652667999267578e-01
6.352977752685546875e-01
6.087080836296081543e-01
5.663825273513793945e-01
5.715897083282470703e-01
5.951048731803894043e-01
5.676643252372741699e-01
6.375477313995361328e-01
6.243285536766052246e-01
6.485607624053955078e-01
5.767245292663574219e-01
6.287679672241210938e-01
6.007108688354492188e-01
6.007419824600219727e-01
5.685601234436035156e-01
6.137975454330444336e-01
6.436972022056579590e-01
