5.842501521110534668e-01
5.698915719985961914e-01
5.745550990104675293e-01
5.660231113433837891e-01
5.713728070259094238e-01
5.718979835510253906e-01
6.428380608558654785e-01
6.050205826759338379e-01
6.076616048812866211e-01
6.595700383186340332e-01
6.172222495079040527e-01
6.467716097831726074e-01
6.065797805786132812e-01
6.210068464279174805e-01
5.513984560966491699e-01
5.599772334098815918e-01
6.331684589385986328e-01
5.657536387443542480e-01
6.551142334938049316e-01
6.109281778335571289e-01
5.628037452697753906e-01
6.219521760940551758e-01
5.682222247123718262e-01
6.023010611534118652e-01
6.063413023948669434e-01
6.416935324668884277e-01
5.923536419868469238e-01
5.836043953895568848e-01
5.529841184616088867e-01
5.711011886596679688e-01
6.018779873847961426e-01
5.836653113365173340e-01
5.910644531250000000e-01
5.769954323768615723e-01
5.961374640464782715e-01
5.721585750579833984e-01
6.922839879989624023e-01
6.243017315864562988e-01
5.590727925300598145e-01
6.348429918289184570e-01
5.729666948318481445e-01
5.480841994285583496e-01
6.618041396141052246e-01
6.581629514694213867e-01
6.556277275085449219e-01
6.265087127685546875e-01
5.919401049613952637e-01
5.278484821319580078e-01
5.857365727424621582e-01
7.459421753883361816e-01
6.163911223411560059e-01
6.202131509780883789e-01
5.667010545730590820e-01
6.345218420028686523e-01
6.079064011573791504e-01
6.363817453384399414e-01
6.394765377044677734e-01
5.797450542449951172e-01
5.371582508087158203e-01
6.046646833419799805e-01
6.120654344558715820e-01
5.666116476058959961e-01
5.505816936492919922e-01
5.796613097190856934e-01
6.679816246032714844e-01
6.108554005622863770e-01
6.104553937911987305e-01
6.963261961936950684e-01
5.881432890892028809e-01
5.840414762496948242e-01
5.567535161972045898e-01
6.073027253150939941e-01
5.992007851600646973e-01
5.579348802566528320e-01
6.058984994888305664e-01
6.133018136024475098e-01
5.292336344718933105e-01
5.989502072334289551e-01
6.295441985130310059e-01
6.025474667549133301e-01
6.218676567077636719e-01
6.359715461730957031e-01
5.261424183845520020e-01
5.683668851852416992e-01
5.592687129974365234e-01
6.433556675910949707e-01
5.966833233833312988e-01
6.271059513092041016e-01
5.511580109596252441e-01
5.961167812347412109e-01
6.345005035400390625e-01
5.544753074645996094e-01
5.130752325057983398e-01
6.065352559089660645e-01
5.641771554946899414e-01
6.533237695693969727e-01
5.804958939552307129e-01
5.532336235046386719e-01
5.769228935241699219e-01
6.309874057769775391e-01
5.906351804733276367e-01
5.463503599166870117e-01
5.554381608963012695e-01
5.466412901878356934e-01
5.937816500663757324e-01
5.541696548461914062e-01
6.449940800666809082e-01
5.368417501449584961e-01
6.584758162498474121e-01
6.969119906425476074e-01
6.113414764404296875e-01
5.894522070884704590e-01
6.108019351959228516e-01
5.224086046218872070e-01
5.963291525840759277e-01
6.504098176956176758e-01
5.655457973480224609e-01
6.300086379051208496e-01
6.373943090438842773e-01
5.941706895828247070e-01
5.752500295639038086e-01
5.725910663604736328e-01
6.827210187911987305e-01
5.711157917976379395e-01
6.182404756546020508e-01
6.661210060119628906e-01
5.706081986427307129e-01
5.519871711730957031e-01
5.585041642189025879e-01
5.764366388320922852e-01
5.772898197174072266e-01
6.394194960594177246e-01
6.008144617080688477e-01
6.002008914947509766e-01
6.295006275177001953e-01
5.491245985031127930e-01
5.804572701454162598e-01
5.670031905174255371e-01
6.205037832260131836e-01
6.433247923851013184e-01
5.742844343185424805e-01
5.929736495018005371e-01
5.411695241928100586e-01
6.377819180488586426e-01
6.488385796546936035e-01
6.064738035202026367e-01
5.891568660736083984e-01
5.884180068969726562e-01
6.103975772857666016e-01
5.982539653778076172e-01
6.150550246238708496e-01
5.473953485488891602e-01
6.008312702178955078e-01
6.615560054779052734e-01
5.656716823577880859e-01
6.122880578041076660e-01
5.873764753341674805e-01
5.709252357482910156e-01
6.078101992607116699e-01
6.337572336196899414e-01
5.554724931716918945e-01
6.006224751472473145e-01
6.238175630569458008e-01
6.306883096694946289e-01
6.164824962615966797e-01
6.139576435089111328e-01
5.704641342163085938e-01
5.828902721405029297e-01
6.172807216644287109e-01
6.181157827377319336e-01
6.272593140602111816e-01
5.514522790908813477e-01
5.563870668411254883e-01
5.999598503112792969e-01
6.126067042350769043e-01
6.450560092926025391e-01
5.691304802894592285e-01
5.407196879386901855e-01
6.354997158050537109e-01
6.124202013015747070e-01
6.423108577728271484e-01
6.110013723373413086e-01
6.393282413482666016e-01
5.364698171615600586e-01
5.884467959403991699e-01
5.954867005348205566e-01
6.132290363311767578e-01
6.020462512969970703e-01
5.524021983146667480e-01
6.222894191741943359e-01
6.113479137420654297e-01
5.711315274238586426e-01
5.965251326560974121e-01
7.746921181678771973e-01
5.923966765403747559e-01
5.653189420700073242e-01
5.452557206153869629e-01
5.620670318603515625e-01
5.543304681777954102e-01
6.075798869132995605e-01
6.084754467010498047e-01
5.869922637939453125e-01
6.059771776199340820e-01
6.095471978187561035e-01
6.004270315170288086e-01
6.004585623741149902e-01
6.387120485305786133e-01
6.479214429855346680e-01
5.749815106391906738e-01
5.970078110694885254e-01
6.279069781303405762e-01
6.180408000946044922e-01
6.194882392883300781e-01
6.637786626815795898e-01
5.827058553695678711e-01
6.158888936042785645e-01
6.504945158958435059e-01
5.931449532508850098e-01
5.708490610122680664e-01
6.154597997665405273e-01
5.654474496841430664e-01
6.321038603782653809e-01
5.875726938247680664e-01
6.042831540107727051e-01
5.550160408020019531e-01
6.406757831573486328e-01
5.814350247383117676e-01
5.798513293266296387e-01
6.126511096954345703e-01
5.697913765907287598e-01
6.059935688972473145e-01
5.535053610801696777e-01
5.844165682792663574e-01
5.886101722717285156e-01
5.928362607955932617e-01
6.079557538032531738e-01
5.602177977561950684e-01
5.758184790611267090e-01
5.625305771827697754e-01
5.872298479080200195e-01
5.661286711692810059e-01
5.986493825912475586e-01
6.324332356452941895e-01
6.352963447570800781e-01
5.901238322257995605e-01
6.207959651947021484e-01
5.639526844024658203e-01
5.834211707115173340e-01
6.765777468681335449e-01
5.629075765609741211e-01
5.739905238151550293e-01
5.713601708412170410e-01
5.523324012756347656e-01
6.443848609924316406e-01
6.429417133331298828e-01
5.571965575218200684e-01
6.082451939582824707e-01
5.594566464424133301e-01
5.717897415161132812e-01
5.433652997016906738e-01
5.977443456649780273e-01
6.185640096664428711e-01
6.397128105163574219e-01
6.049669981002807617e-01
6.049678921699523926e-01
6.233183741569519043e-01
6.098403334617614746e-01
6.053743362426757812e-01
5.820177197456359863e-01
6.336334943771362305e-01
6.370268464088439941e-01
5.879296660423278809e-01
5.932430624961853027e-01
6.196810007095336914e-01
6.286269426345825195e-01
6.210117936134338379e-01
5.872301459312438965e-01
5.756117701530456543e-01
6.195009350776672363e-01
6.144996881484985352e-01
6.500222682952880859e-01
5.563120841979980469e-01
6.390600800514221191e-01
5.671809315681457520e-01
6.346588730812072754e-01
5.955865979194641113e-01
5.862442255020141602e-01
6.395787000656127930e-01
5.673719048500061035e-01
6.528113484382629395e-01
6.615955233573913574e-01
6.278005838394165039e-01
5.622797608375549316e-01
6.418728232383728027e-01
6.439107060432434082e-01
5.969985723495483398e-01
5.909631848335266113e-01
6.627235412597656250e-01
6.108264327049255371e-01
5.896235108375549316e-01
5.736249089241027832e-01
5.987461805343627930e-01
5.755923986434936523e-01
6.215739846229553223e-01
5.781904458999633789e-01
5.978956818580627441e-01
6.254764199256896973e-01
5.740011334419250488e-01
5.691633820533752441e-01
6.543505191802978516e-01
6.058729290962219238e-01
6.031260490417480469e-01
6.361145973205566406e-01
6.073048114776611328e-01
6.574521660804748535e-01
6.022889018058776855e-01
6.118597984313964844e-01
6.054965257644653320e-01
6.398945450782775879e-01
5.520549416542053223e-01
6.449013948440551758e-01
6.199820041656494141e-01
6.430061459541320801e-01
5.376700758934020996e-01
6.157668828964233398e-01
6.560401916503906250e-01
5.835650563240051270e-01
6.260167360305786133e-01
5.687667727470397949e-01
6.246404051780700684e-01
6.325396299362182617e-01
5.457291007041931152e-01
5.752935409545898438e-01
5.366122722625732422e-01
5.595720410346984863e-01
6.208961606025695801e-01
5.900943279266357422e-01
6.527520418167114258e-01
6.206001639366149902e-01
5.948675870895385742e-01
5.907876491546630859e-01
6.432831287384033203e-01
5.470538139343261719e-01
5.994697809219360352e-01
5.974842309951782227e-01
6.116135716438293457e-01
6.513206958770751953e-01
6.169922947883605957e-01
5.764620900154113770e-01
6.370282769203186035e-01
5.866461992263793945e-01
5.842345952987670898e-01
5.949550867080688477e-01
6.441449522972106934e-01
6.224169731140136719e-01
6.010589003562927246e-01
5.775259733200073242e-01
6.347296833992004395e-01
5.607420802116394043e-01
6.749518513679504395e-01
6.100987792015075684e-01
5.979428291320800781e-01
5.768657326698303223e-01
5.572209358215332031e-01
5.869672298431396484e-01
6.450760364532470703e-01
6.270269751548767090e-01
5.799971222877502441e-01
5.537276864051818848e-01
5.801628232002258301e-01
5.737072825431823730e-01
6.210095286369323730e-01
5.540094375610351562e-01
6.046143770217895508e-01
5.930458903312683105e-01
5.685454010963439941e-01
6.196791529655456543e-01
5.622054934501647949e-01
5.643322467803955078e-01
6.300945878028869629e-01
6.242443919181823730e-01
5.957086086273193359e-01
6.233226656913757324e-01
6.051636934280395508e-01
6.451079845428466797e-01
5.477983355522155762e-01
6.736990213394165039e-01
6.281363368034362793e-01
5.863087773323059082e-01
5.891917943954467773e-01
6.553182601928710938e-01
6.303365826606750488e-01
5.705145597457885742e-01
6.583289504051208496e-01
5.644755959510803223e-01
5.650214552879333496e-01
6.330639123916625977e-01
6.762250065803527832e-01
5.950421094894409180e-01
5.474535226821899414e-01
5.830491185188293457e-01
5.624966025352478027e-01
5.861407518386840820e-01
6.147117614746093750e-01
5.733220577239990234e-01
5.937306284904479980e-01
5.684596300125122070e-01
6.020086407661437988e-01
5.648844242095947266e-01
6.502813100814819336e-01
5.563039779663085938e-01
5.608135461807250977e-01
6.248003244400024414e-01
5.117940306663513184e-01
5.708107352256774902e-01
6.593276262283325195e-01
5.850239396095275879e-01
5.860034823417663574e-01
6.159124970436096191e-01
5.583209991455078125e-01
5.364575386047363281e-01
5.723360776901245117e-01
6.060352921485900879e-01
6.053565740585327148e-01
6.082746982574462891e-01
5.641840696334838867e-01
6.022497415542602539e-01
6.591171622276306152e-01
5.507723689079284668e-01
6.970849037170410156e-01
6.033320426940917969e-01
6.060395836830139160e-01
6.394841074943542480e-01
5.325033068656921387e-01
5.002073049545288086e-01
5.728576183319091797e-01
5.824842453002929688e-01
6.157933473587036133e-01
6.376164555549621582e-01
6.745908260345458984e-01
5.851794481277465820e-01
5.749025344848632812e-01
5.804710984230041504e-01
5.921396613121032715e-01
6.149386167526245117e-01
5.751929879188537598e-01
5.848701596260070801e-01
6.287006735801696777e-01
6.498967409133911133e-01
5.687443017959594727e-01
6.464861631393432617e-01
5.686184167861938477e-01
5.591874122619628906e-01
6.469985842704772949e-01
6.088430881500244141e-01
6.589555144309997559e-01
5.683626532554626465e-01
5.367645621299743652e-01
6.001164913177490234e-01
5.950709581375122070e-01
5.818992257118225098e-01
6.126733422279357910e-01
6.176055669784545898e-01
6.285673379898071289e-01
5.564602613449096680e-01
6.006611585617065430e-01
6.328128576278686523e-01
6.355473995208740234e-01
6.221447587013244629e-01
5.672765374183654785e-01
5.478547215461730957e-01
5.512058734893798828e-01
6.071397066116333008e-01
6.615310311317443848e-01
5.602679848670959473e-01
6.580331921577453613e-01
5.874981880187988281e-01
5.627361536026000977e-01
6.258325576782226562e-01
5.641971826553344727e-01
5.457581877708435059e-01
6.581963896751403809e-01
6.017747521400451660e-01
5.778653025627136230e-01
5.700040459632873535e-01
6.012811064720153809e-01
5.667766928672790527e-01
6.213387250900268555e-01
6.041219830513000488e-01
6.108502745628356934e-01
5.935003757476806641e-01
5.315938591957092285e-01
5.773048400878906250e-01
5.513271689414978027e-01
6.418876051902770996e-01
5.836803317070007324e-01
6.088779568672180176e-01
5.889708995819091797e-01
5.832419395446777344e-01
5.646951794624328613e-01
5.638616085052490234e-01
6.536627411842346191e-01
5.654279589653015137e-01
6.035320162773132324e-01
5.774732828140258789e-01
6.342419981956481934e-01
5.300851464271545410e-01
6.242483854293823242e-01
6.190349459648132324e-01
6.587180495262145996e-01
5.970152616500854492e-01
5.512289404869079590e-01
