5.601911544799804688e-01
6.076456904411315918e-01
6.103405952453613281e-01
6.423388123512268066e-01
5.969948768615722656e-01
6.502781510353088379e-01
6.176760792732238770e-01
6.451450586318969727e-01
5.260770320892333984e-01
5.855356454849243164e-01
6.658423542976379395e-01
6.051167845726013184e-01
5.653502345085144043e-01
6.676732301712036133e-01
5.953726172447204590e-01
5.897912383079528809e-01
6.168547272682189941e-01
6.208271384239196777e-01
5.912631154060363770e-01
5.553019046783447266e-01
5.391187667846679688e-01
6.125527024269104004e-01
5.824818611145019531e-01
5.805436968803405762e-01
6.248447895050048828e-01
6.401300430297851562e-01
6.436517238616943359e-01
5.978848338127136230e-01
6.164261102676391602e-01
6.790234446525573730e-01
6.486488580703735352e-01
5.342149138450622559e-01
6.490899324417114258e-01
6.246482133865356445e-01
6.644728779792785645e-01
6.057476401329040527e-01
6.483002305030822754e-01
6.047058105468750000e-01
6.070097088813781738e-01
5.724113583564758301e-01
6.398601531982421875e-01
6.478783488273620605e-01
6.373907923698425293e-01
6.667873263359069824e-01
5.811232924461364746e-01
6.022512316703796387e-01
5.698152780532836914e-01
5.988602042198181152e-01
6.126775145530700684e-01
6.205655932426452637e-01
5.981582403182983398e-01
5.699428319931030273e-01
6.425331234931945801e-01
6.438772082328796387e-01
6.346729397773742676e-01
6.335224509239196777e-01
6.597875952720642090e-01
5.986105203628540039e-01
5.493812561035156250e-01
6.773594021797180176e-01
5.608612895011901855e-01
6.006886959075927734e-01
6.039420366287231445e-01
5.818104743957519531e-01
5.585919022560119629e-01
5.838385224342346191e-01
5.756165981292724609e-01
6.225371956825256348e-01
6.046012639999389648e-01
6.452133059501647949e-01
5.416852235794067383e-01
6.345715522766113281e-01
5.501429438591003418e-01
5.578249096870422363e-01
6.028683185577392578e-01
5.942440629005432129e-01
5.470717549324035645e-01
6.640992164611816406e-01
6.136988997459411621e-01
5.525408983230590820e-01
7.132636308670043945e-01
5.640367269515991211e-01
5.691737532615661621e-01
6.502488851547241211e-01
6.088232398033142090e-01
6.440035700798034668e-01
6.182706952095031738e-01
5.429816246032714844e-01
5.722179412841796875e-01
5.827778577804565430e-01
6.531528234481811523e-01
5.096675753593444824e-01
6.432309150695800781e-01
6.201532483100891113e-01
6.304758787155151367e-01
6.088619828224182129e-01
5.899332165718078613e-01
6.124525070190429688e-01
5.837027430534362793e-01
6.001065373420715332e-01
6.361758112907409668e-01
6.370716094970703125e-01
5.951565504074096680e-01
4.990015327930450439e-01
5.941282510757446289e-01
5.656147599220275879e-01
5.995689034461975098e-01
6.263900995254516602e-01
6.660587191581726074e-01
5.954521894454956055e-01
5.602082610130310059e-01
6.219291090965270996e-01
6.561268568038940430e-01
6.298853754997253418e-01
5.854294896125793457e-01
6.780998110771179199e-01
6.749553084373474121e-01
5.606555342674255371e-01
6.227339506149291992e-01
5.374641418457031250e-01
5.922859907150268555e-01
5.689416527748107910e-01
6.042902469635009766e-01
5.255475044250488281e-01
6.525226235389709473e-01
6.418021321296691895e-01
6.143577694892883301e-01
6.240920424461364746e-01
6.424815654754638672e-01
5.681400299072265625e-01
6.212258934974670410e-01
6.691261529922485352e-01
6.610125303268432617e-01
5.056756734848022461e-01
6.228215098381042480e-01
6.098547577857971191e-01
6.385626196861267090e-01
5.932770371437072754e-01
6.211635470390319824e-01
5.743737220764160156e-01
5.850742459297180176e-01
5.582594275474548340e-01
6.565669775009155273e-01
6.088583469390869141e-01
6.290145516395568848e-01
5.685112476348876953e-01
6.332731246948242188e-01
5.633392930030822754e-01
6.221098899841308594e-01
7.041581273078918457e-01
6.156127452850341797e-01
6.197190284729003906e-01
6.071274876594543457e-01
6.516730785369873047e-01
7.013994455337524414e-01
6.184933781623840332e-01
5.558307170867919922e-01
5.890208482742309570e-01
6.254640817642211914e-01
5.738801956176757812e-01
6.278250813484191895e-01
6.307409405708312988e-01
4.943129718303680420e-01
6.064206361770629883e-01
5.433654189109802246e-01
6.104109883308410645e-01
6.459471583366394043e-01
5.702463984489440918e-01
5.696622133255004883e-01
6.280084252357482910e-01
6.239610314369201660e-01
5.980643033981323242e-01
5.293588042259216309e-01
6.426333189010620117e-01
5.416255593299865723e-01
5.770460963249206543e-01
5.975015163421630859e-01
5.401183366775512695e-01
5.894811749458312988e-01
5.232630968093872070e-01
6.648320555686950684e-01
5.397773385047912598e-01
6.034117341041564941e-01
6.110963225364685059e-01
6.148320436477661133e-01
5.726081132888793945e-01
5.443862080574035645e-01
5.972821116447448730e-01
5.759400129318237305e-01
6.482521891593933105e-01
5.600061416625976562e-01
6.115093827247619629e-01
6.435504555702209473e-01
6.735743284225463867e-01
6.047840714454650879e-01
5.424033999443054199e-01
6.273412108421325684e-01
6.552932262420654297e-01
5.426744222640991211e-01
6.598998308181762695e-01
6.724933385848999023e-01
6.003274917602539062e-01
6.454293131828308105e-01
6.640423536300659180e-01
5.994927287101745605e-01
5.352338552474975586e-01
7.119764685630798340e-01
6.502424478530883789e-01
6.217609047889709473e-01
5.974051356315612793e-01
6.217139363288879395e-01
6.144204735755920410e-01
6.341913938522338867e-01
5.699566006660461426e-01
5.624372959136962891e-01
6.251670122146606445e-01
6.432704329490661621e-01
5.539066195487976074e-01
5.155546069145202637e-01
6.219003796577453613e-01
5.650045871734619141e-01
6.246509552001953125e-01
6.075829863548278809e-01
5.325610637664794922e-01
5.582205057144165039e-01
5.505454540252685547e-01
6.241546869277954102e-01
6.404151320457458496e-01
6.341093182563781738e-01
6.944698691368103027e-01
6.567761301994323730e-01
5.878673195838928223e-01
6.330246329307556152e-01
6.319954395294189453e-01
5.598366260528564453e-01
5.784614086151123047e-01
5.686456561088562012e-01
5.545302629470825195e-01
5.775771141052246094e-01
5.657446980476379395e-01
5.672314763069152832e-01
5.902446508407592773e-01
5.539944171905517578e-01
5.768711566925048828e-01
5.712571144104003906e-01
5.723081231117248535e-01
6.374971270561218262e-01
6.169053316116333008e-01
6.878858804702758789e-01
6.064830422401428223e-01
6.350926160812377930e-01
5.470993518829345703e-01
6.360287070274353027e-01
6.512047052383422852e-01
6.515759825706481934e-01
6.023817658424377441e-01
5.611969232559204102e-01
6.044681668281555176e-01
6.120227575302124023e-01
6.480965018272399902e-01
5.616611838340759277e-01
6.591519713401794434e-01
5.614207983016967773e-01
6.279500722885131836e-01
5.788095593452453613e-01
5.870227217674255371e-01
6.721188426017761230e-01
6.063109636306762695e-01
6.498572826385498047e-01
5.525495409965515137e-01
6.393433809280395508e-01
6.010515689849853516e-01
5.687312483787536621e-01
6.034406423568725586e-01
5.873977541923522949e-01
6.826668977737426758e-01
5.785423517227172852e-01
6.093969345092773438e-01
6.405213475227355957e-01
5.657775402069091797e-01
6.186562180519104004e-01
5.593248009681701660e-01
6.086482405662536621e-01
5.915007591247558594e-01
6.054636240005493164e-01
5.778357386589050293e-01
5.913403630256652832e-01
6.007472276687622070e-01
5.978557467460632324e-01
6.101234555244445801e-01
5.165245532989501953e-01
6.344609260559082031e-01
6.342221498489379883e-01
6.298246979713439941e-01
5.834971070289611816e-01
6.484433412551879883e-01
5.389096140861511230e-01
5.579066872596740723e-01
6.068446636199951172e-01
6.386917829513549805e-01
6.288859248161315918e-01
6.450878977775573730e-01
6.261480450630187988e-01
6.385279893875122070e-01
5.953578948974609375e-01
5.868685245513916016e-01
5.996522307395935059e-01
5.161991119384765625e-01
5.498827695846557617e-01
5.589912533760070801e-01
7.125119566917419434e-01
5.767407417297363281e-01
5.581331253051757812e-01
5.808787941932678223e-01
6.034482121467590332e-01
5.655562877655029297e-01
5.914553403854370117e-01
5.983094573020935059e-01
6.486431360244750977e-01
6.450091600418090820e-01
6.328480243682861328e-01
5.924256443977355957e-01
5.813331604003906250e-01
6.577131152153015137e-01
6.424365043640136719e-01
6.060454845428466797e-01
5.085246562957763672e-01
5.086606144905090332e-01
6.227434277534484863e-01
5.565121769905090332e-01
5.764880776405334473e-01
5.962103009223937988e-01
5.490060448646545410e-01
5.989921689033508301e-01
6.793503761291503906e-01
6.444386839866638184e-01
5.924554467201232910e-01
6.531741619110107422e-01
5.972430109977722168e-01
5.594167113304138184e-01
5.826535224914550781e-01
5.776942968368530273e-01
5.901395082473754883e-01
6.316663622856140137e-01
5.235128402709960938e-01
5.850288867950439453e-01
6.221171617507934570e-01
6.040955185890197754e-01
6.461038589477539062e-01
6.385245323181152344e-01
6.100953817367553711e-01
6.372677683830261230e-01
5.799346566200256348e-01
7.293536067008972168e-01
6.180812120437622070e-01
5.738254189491271973e-01
5.499968528747558594e-01
5.999166965484619141e-01
5.857272744178771973e-01
5.892682075500488281e-01
5.788359045982360840e-01
6.161331534385681152e-01
5.802816748619079590e-01
5.810102820396423340e-01
5.535002350807189941e-01
6.612658500671386719e-01
5.502969622611999512e-01
7.860161662101745605e-01
5.433541536331176758e-01
5.994513630867004395e-01
6.297000050544738770e-01
5.298619866371154785e-01
7.277923226356506348e-01
6.307935118675231934e-01
6.009458899497985840e-01
5.522508621215820312e-01
6.088283061981201172e-01
5.903248190879821777e-01
6.169525980949401855e-01
6.145732402801513672e-01
6.433418989181518555e-01
5.482368469238281250e-01
5.810644626617431641e-01
5.850201845169067383e-01
5.565514564514160156e-01
6.020271182060241699e-01
5.295506715774536133e-01
6.571891903877258301e-01
6.028832793235778809e-01
6.342421174049377441e-01
5.465822815895080566e-01
5.381525158882141113e-01
6.014924049377441406e-01
5.806648135185241699e-01
7.080151438713073730e-01
7.412237524986267090e-01
6.249369382858276367e-01
6.293551921844482422e-01
5.879380106925964355e-01
5.819728970527648926e-01
5.937913060188293457e-01
6.276123523712158203e-01
6.848138570785522461e-01
5.412040948867797852e-01
6.030839681625366211e-01
6.093464493751525879e-01
6.740168333053588867e-01
5.836647152900695801e-01
6.437849402427673340e-01
6.408218145370483398e-01
5.259911417961120605e-01
5.985365509986877441e-01
6.485457420349121094e-01
6.374958753585815430e-01
6.439356207847595215e-01
7.335592508316040039e-01
6.267421841621398926e-01
5.789932012557983398e-01
6.299721002578735352e-01
6.630206704139709473e-01
5.922379493713378906e-01
6.375772953033447266e-01
5.520234107971191406e-01
5.926150083541870117e-01
6.204698681831359863e-01
6.047332286834716797e-01
6.694163680076599121e-01
5.957158803939819336e-01
5.708733797073364258e-01
6.624001264572143555e-01
5.963844060897827148e-01
5.650324225425720215e-01
5.874784588813781738e-01
6.117406487464904785e-01
5.950700640678405762e-01
5.641045570373535156e-01
6.032052040100097656e-01
5.781760215759277344e-01
6.321552991867065430e-01
6.591632962226867676e-01
6.350969076156616211e-01
5.485512018203735352e-01
5.795568823814392090e-01
5.647413134574890137e-01
6.375824213027954102e-01
5.605988502502441406e-01
6.153885126113891602e-01
6.409298777580261230e-01
6.167324185371398926e-01
5.956148505210876465e-01
5.413294434547424316e-01
6.207553148269653320e-01
7.415738701820373535e-01
5.159923434257507324e-01
6.842867136001586914e-01
6.384292840957641602e-01
6.488413214683532715e-01
5.579236149787902832e-01
5.859538912773132324e-01
6.876186728477478027e-01
8.215303421020507812e-01
6.533406376838684082e-01
6.400337815284729004e-01
5.921071767807006836e-01
5.462508797645568848e-01
6.046446561813354492e-01
6.394417285919189453e-01
5.603513121604919434e-01
5.605154633522033691e-01
6.253228783607482910e-01
5.662550330162048340e-01
6.937565207481384277e-01
6.130968928337097168e-01
5.849328041076660156e-01
6.153874993324279785e-01
6.610981822013854980e-01
5.817809104919433594e-01
5.379400253295898438e-01
6.347860693931579590e-01
5.123668313026428223e-01
5.587535500526428223e-01
6.632493138313293457e-01
6.190904974937438965e-01
5.301728248596191406e-01
5.899162888526916504e-01
6.473534703254699707e-01
5.790712237358093262e-01
6.028915643692016602e-01
6.862007379531860352e-01
5.559536218643188477e-01
5.745936632156372070e-01
6.430720686912536621e-01
6.213261485099792480e-01
6.162858605384826660e-01
5.555709600448608398e-01
8.378894925117492676e-01
5.689632296562194824e-01
6.295535564422607422e-01
6.126227378845214844e-01
5.937578082084655762e-01
5.796621441841125488e-01
6.279603838920593262e-01
6.319060325622558594e-01
6.114764213562011719e-01
5.649048686027526855e-01
5.968742966651916504e-01
5.752211809158325195e-01
6.328024864196777344e-01
7.108768224716186523e-01
5.447596311569213867e-01
6.309655904769897461e-01
6.296158432960510254e-01
